0.596015 0.017811 0.386173
0.123617 0.022536 0.853847
0.636867 0.000010 0.363123
0.000010 0.037517 0.962473
0.502381 0.023140 0.474479
0.000010 0.278286 0.721704
0.000010 0.000010 0.999980
0.175328 0.015548 0.809124
0.010558 0.003093 0.986349
0.502085 0.015071 0.482845
0.865953 0.022289 0.111758
0.454619 0.090518 0.454863
0.540628 0.046899 0.412473
0.000010 0.069072 0.930918
0.134241 0.061751 0.804009
0.000010 0.000010 0.999980
0.000794 0.002787 0.996420
0.062347 0.008166 0.929488
0.035616 0.015323 0.949060
0.114554 0.885436 0.000010
0.029325 0.000010 0.970665
0.000010 0.000010 0.999980
0.068489 0.004155 0.927356
0.181834 0.000010 0.818156
0.814327 0.023869 0.161804
0.670642 0.031569 0.297789
0.082848 0.002292 0.914860
0.000010 0.114494 0.885496
0.745866 0.039175 0.214959
0.000010 0.000010 0.999980
0.529849 0.000010 0.470141
0.001413 0.000010 0.998577
0.106891 0.019944 0.873165
0.000010 0.000010 0.999980
0.001653 0.001110 0.997238
0.528019 0.007723 0.464258
0.007099 0.000010 0.992891
0.010824 0.004204 0.984973
0.011737 0.007830 0.980433
0.123035 0.016884 0.860082
0.000010 0.000010 0.999980
0.017501 0.405264 0.577235
0.040048 0.002255 0.957696
0.137121 0.007421 0.855459
0.100104 0.000010 0.899886
0.008417 0.000010 0.991573
0.136887 0.015029 0.848084
0.063127 0.015042 0.921830
0.041725 0.008570 0.949706
0.067504 0.009355 0.923141
0.178435 0.033738 0.787828
0.001497 0.000010 0.998493
0.539887 0.006276 0.453837
0.595642 0.022344 0.382014
0.768918 0.002571 0.228511
0.003579 0.007123 0.989298
0.187173 0.036841 0.775986
0.068293 0.021621 0.910085
0.303342 0.030310 0.666348
0.000010 0.004266 0.995724
0.125472 0.000010 0.874518
0.160051 0.009344 0.830605
0.038275 0.014436 0.947288
0.273036 0.003275 0.723690
0.442386 0.000010 0.557604
0.147569 0.007114 0.845317
0.396986 0.001947 0.601066
0.159330 0.169537 0.671132
0.000010 0.000010 0.999980
0.072144 0.005859 0.921997
0.051353 0.004379 0.944268
0.000010 0.137730 0.862260
0.168085 0.021751 0.810164
0.033190 0.447721 0.519089
0.101060 0.005170 0.893771
0.558786 0.005570 0.435643
0.145622 0.009062 0.845316
0.741381 0.060094 0.198524
0.000010 0.065392 0.934598
0.578961 0.024552 0.396486
0.642629 0.007901 0.349470
0.000010 0.269012 0.730978
0.076048 0.000010 0.923942
0.016546 0.000010 0.983444
0.238183 0.076431 0.685386
0.000010 0.012917 0.987073
0.090326 0.051039 0.858635
0.075419 0.009495 0.915086
0.387522 0.000010 0.612468
0.000010 0.000010 0.999980
0.283725 0.034721 0.681554
0.117462 0.011220 0.871318
0.072060 0.004437 0.923503
0.080439 0.000010 0.919551
0.314867 0.030835 0.654298
0.130048 0.000010 0.869942
0.128903 0.024063 0.847034
0.025273 0.013403 0.961324
0.495357 0.000010 0.504633
0.194423 0.001158 0.804419
0.061157 0.000010 0.938833
0.053177 0.000010 0.946813
0.000010 0.004256 0.995734
0.514800 0.001630 0.483571
0.171184 0.016616 0.812200
0.001860 0.000010 0.998130
0.000010 0.000010 0.999980
0.067251 0.000010 0.932739
0.364296 0.006147 0.629557
0.014825 0.013190 0.971985
0.259634 0.022160 0.718207
0.187195 0.000645 0.812160
0.165045 0.012444 0.822511
0.238697 0.003449 0.757854
0.189354 0.576181 0.234465
0.114645 0.025577 0.859778
0.755549 0.024270 0.220182
0.236155 0.012501 0.751344
0.397005 0.000010 0.602985
0.049059 0.000010 0.950931
0.000010 0.007462 0.992528
0.284322 0.000010 0.715668
0.632676 0.111921 0.255402
0.000010 0.001344 0.998646
0.002334 0.102908 0.894758
0.064999 0.022085 0.912916
0.093687 0.176485 0.729827
0.001489 0.006775 0.991735
0.042165 0.005725 0.952110
0.132973 0.046930 0.820097
0.566681 0.433309 0.000010
0.003278 0.032616 0.964105
0.116759 0.016013 0.867228
0.000010 0.078833 0.921157
0.000010 0.002713 0.997277
0.002561 0.000010 0.997429
0.105365 0.001411 0.893224
0.197521 0.000010 0.802469
0.000010 0.000010 0.999980
0.394047 0.012656 0.593297
0.059741 0.000010 0.940249
0.057728 0.000010 0.942262
0.000010 0.000010 0.999980
0.303003 0.015196 0.681801
0.040521 0.014329 0.945150
0.000010 0.000010 0.999980
0.021529 0.433578 0.544893
0.791750 0.086575 0.121675
0.000010 0.004706 0.995284
0.048425 0.017084 0.934492
0.202732 0.021616 0.775653
0.116333 0.883657 0.000010
0.001445 0.000010 0.998545
0.059697 0.015850 0.924452
0.004669 0.001024 0.994307
0.103944 0.001435 0.894621
0.000010 0.000010 0.999980
0.652230 0.013842 0.333928
0.028929 0.017938 0.953133
0.010515 0.007446 0.982039
0.000010 0.000010 0.999980
0.203964 0.051831 0.744204
0.643439 0.029622 0.326939
0.106564 0.893426 0.000010
0.001489 0.000010 0.998501
0.000010 0.066750 0.933240
0.119720 0.020844 0.859436
0.144351 0.019500 0.836150
0.080477 0.005293 0.914230
0.002466 0.012264 0.985271
0.002473 0.060419 0.937108
0.057420 0.035000 0.907579
0.000010 0.005089 0.994901
0.020923 0.009467 0.969610
0.074246 0.021063 0.904691
0.000010 0.014345 0.985645
0.057821 0.014881 0.927299
0.141231 0.000010 0.858759
0.013049 0.000010 0.986941
0.119096 0.000010 0.880894
0.389085 0.004369 0.606546
0.636935 0.005428 0.357637
0.028298 0.016544 0.955158
0.006413 0.001910 0.991677
0.292690 0.038786 0.668524
0.013254 0.019814 0.966932
0.154766 0.006741 0.838493
0.012459 0.005127 0.982414
0.031169 0.003185 0.965646
0.087276 0.014268 0.898456
0.504685 0.119245 0.376070
0.059589 0.009513 0.930897
0.118686 0.004663 0.876651
0.000084 0.000010 0.999906
0.248984 0.029296 0.721721
0.517378 0.000010 0.482612
0.012998 0.003374 0.983628
0.000010 0.000010 0.999980
0.000010 0.038198 0.961792
0.000010 0.057408 0.942582
0.049655 0.021570 0.928775
0.746355 0.009731 0.243914
0.000463 0.000289 0.999249
0.000010 0.002243 0.997747
0.153280 0.029725 0.816995
0.007759 0.003329 0.988911
0.021508 0.013892 0.964600
0.299511 0.700479 0.000010
0.043825 0.013049 0.943126
0.184845 0.016764 0.798391
0.055038 0.000010 0.944952
0.000010 0.036567 0.963423
0.198671 0.011940 0.789389
0.119271 0.218168 0.662561
0.000010 0.000010 0.999980
0.039755 0.020687 0.939558
0.426067 0.018074 0.555859
0.010127 0.014650 0.975223
0.020494 0.060863 0.918643
0.021203 0.018904 0.959893
0.136087 0.016591 0.847322
0.276491 0.136362 0.587147
0.064283 0.000010 0.935707
0.611562 0.081582 0.306855
0.509856 0.008659 0.481485
0.804880 0.031291 0.163829
0.782685 0.000010 0.217305
0.000010 0.085977 0.914013
0.000010 0.000010 0.999980
0.456584 0.095111 0.448305
0.013517 0.000010 0.986473
0.347418 0.029232 0.623350
0.000248 0.000010 0.999742
0.027922 0.001490 0.970588
0.000010 0.000010 0.999980
0.003604 0.004324 0.992072
0.049304 0.008852 0.941844
0.000010 0.204595 0.795395
0.006817 0.055375 0.937808
0.528791 0.034210 0.436999
0.402027 0.085470 0.512503
0.001596 0.000010 0.998394
0.495943 0.000010 0.504047
0.123399 0.009808 0.866793
0.000010 0.000010 0.999980
0.047900 0.010256 0.941844
0.000010 0.000010 0.999980
0.000010 0.007895 0.992095
0.000010 0.000010 0.999980
0.000010 0.000010 0.999980
0.108652 0.011972 0.879376
0.005214 0.009008 0.985778
0.000010 0.033614 0.966376
0.002130 0.000010 0.997860
0.000010 0.046430 0.953560
0.059121 0.010354 0.930525
0.184703 0.003511 0.811786
0.000010 0.073510 0.926480
0.000010 0.006543 0.993447
0.154187 0.003996 0.841816
0.000010 0.010504 0.989486
0.167515 0.039929 0.792557
0.514906 0.002761 0.482333
0.000010 0.000010 0.999980
0.061921 0.008899 0.929181
0.125676 0.010953 0.863371
0.083472 0.004658 0.911870
0.612707 0.020290 0.367003
0.067664 0.000696 0.931640
0.060114 0.000010 0.939876
0.536212 0.012638 0.451150
0.000010 0.101586 0.898404
0.013873 0.022214 0.963913
0.745295 0.004534 0.250171
0.781142 0.000186 0.218672
0.169644 0.000010 0.830346
0.731091 0.033002 0.235907
0.140806 0.000010 0.859184
0.000010 0.000010 0.999980
0.190966 0.008420 0.800613
0.120184 0.000885 0.878931
0.474239 0.086349 0.439413
0.018701 0.014576 0.966724
0.000010 0.000010 0.999980
0.000010 0.000010 0.999980
0.085511 0.002254 0.912235
0.123409 0.004805 0.871785
0.011542 0.005001 0.983457
0.000010 0.000194 0.999796
0.087258 0.001473 0.911269
0.828679 0.004691 0.166630
0.000010 0.000010 0.999980
0.300252 0.000010 0.699738
0.000010 0.085484 0.914506
0.038344 0.002815 0.958841
0.000010 0.000010 0.999980
0.000010 0.003673 0.996317
0.500486 0.011409 0.488105
0.043758 0.000010 0.956232
0.090955 0.012619 0.896426
0.059731 0.004220 0.936049
0.256343 0.000010 0.743647
0.157281 0.013429 0.829290
0.235936 0.035049 0.729015
0.003666 0.000010 0.996324
0.002273 0.000010 0.997717
0.038626 0.024667 0.936707
0.524798 0.018194 0.457009
0.061351 0.000010 0.938639
0.069201 0.003204 0.927595
0.098611 0.020167 0.881223
0.000010 0.069185 0.930805
0.431309 0.103809 0.464882
0.071551 0.010212 0.918237
0.138389 0.000010 0.861601
0.020138 0.009580 0.970282
0.077086 0.007152 0.915762
0.086147 0.007823 0.906030
0.024022 0.015376 0.960602
0.138458 0.001334 0.860209
0.036221 0.438339 0.525440
0.049313 0.000010 0.950677
0.000010 0.031348 0.968642
0.065727 0.013533 0.920740
0.000333 0.000010 0.999657
0.088199 0.010437 0.901365
0.042879 0.000010 0.957111
0.115140 0.000010 0.884850
0.008901 0.004687 0.986413
0.518363 0.000010 0.481627
0.247112 0.008713 0.744175
0.303539 0.688098 0.008363
0.047199 0.002927 0.949875
0.020390 0.024373 0.955237
0.210347 0.002516 0.787137
0.007172 0.000010 0.992818
0.000010 0.128219 0.871771
0.012585 0.014524 0.972891
0.075270 0.025575 0.899155
0.053803 0.010860 0.935337
0.034803 0.056411 0.908786
0.205019 0.000010 0.794971
0.000010 0.000010 0.999980
0.141461 0.009082 0.849457
0.303994 0.695996 0.000010
0.743554 0.000010 0.256436
0.091857 0.025230 0.882913
0.156276 0.843714 0.000010
0.006222 0.006004 0.987774
0.077003 0.000010 0.922987
0.000010 0.000010 0.999980
0.001415 0.000010 0.998575
0.000010 0.174733 0.825257
0.000010 0.030418 0.969572
0.255047 0.006529 0.738424
0.000010 0.000010 0.999980
0.172472 0.001306 0.826222
0.034647 0.590013 0.375339
0.062967 0.008483 0.928550
0.000010 0.020952 0.979038
0.014903 0.009888 0.975208
0.000010 0.000010 0.999980
0.291375 0.015845 0.692779
0.256318 0.008898 0.734784
0.135527 0.004949 0.859525
0.000010 0.000010 0.999980
0.179911 0.032201 0.787888
0.070456 0.013135 0.916409
0.011453 0.001509 0.987038
0.520072 0.009518 0.470410
0.067168 0.011105 0.921727
0.003628 0.012253 0.984119
0.144935 0.000010 0.855055
0.506445 0.001277 0.492278
0.033750 0.000010 0.966240
0.763902 0.015231 0.220868
0.067636 0.000010 0.932354
0.000010 0.036900 0.963090
0.000010 0.000010 0.999980
0.295067 0.704923 0.000010
0.205688 0.021082 0.773230
0.000010 0.070133 0.929857
0.624148 0.014467 0.361386
0.000010 0.170846 0.829144
0.003043 0.059658 0.937300
0.000010 0.000010 0.999980
0.707498 0.016827 0.275674
0.000010 0.000010 0.999980
0.000010 0.002530 0.997460
0.508656 0.002177 0.489167
0.130516 0.025281 0.844203
0.129519 0.019396 0.851086
0.545722 0.012018 0.442260
0.115064 0.884926 0.000010
0.222335 0.015013 0.762652
0.000010 0.000010 0.999980
0.024039 0.009381 0.966580
0.081885 0.016644 0.901471
0.022245 0.342269 0.635485
0.000010 0.062815 0.937175
0.000010 0.000010 0.999980
0.286637 0.055409 0.657954
0.000010 0.122115 0.877875
0.000010 0.000010 0.999980
0.208909 0.027240 0.763852
0.045611 0.015897 0.938492
0.000010 0.000010 0.999980
0.073838 0.013654 0.912507
0.008569 0.003934 0.987496
0.065028 0.100279 0.834694
0.186008 0.001007 0.812985
0.255415 0.728896 0.015689
0.045081 0.024593 0.930326
0.028651 0.023131 0.948218
0.077341 0.000287 0.922371
0.596933 0.018725 0.384342
0.000010 0.287303 0.712687
0.551386 0.011949 0.436665
0.288368 0.622786 0.088846
0.000010 0.010484 0.989506
0.082560 0.021770 0.895670
0.017263 0.000010 0.982727
0.112738 0.016697 0.870565
0.297885 0.039528 0.662587
0.015319 0.006838 0.977843
0.000010 0.000010 0.999980
0.569081 0.025675 0.405244
0.000010 0.000010 0.999980
0.077731 0.007889 0.914380
0.039091 0.000010 0.960899
0.780932 0.016213 0.202855
0.000010 0.000010 0.999980
0.000010 0.000010 0.999980
0.078505 0.013491 0.908004
0.113855 0.020828 0.865317
0.543224 0.009607 0.447169
0.196478 0.039381 0.764141
0.002972 0.000010 0.997018
0.106999 0.023290 0.869711
0.126294 0.009089 0.864617
0.500821 0.008781 0.490398
0.001209 0.004764 0.994026
0.478164 0.120957 0.400879
0.470960 0.081850 0.447190
0.587074 0.111367 0.301558
0.773627 0.115909 0.110464
0.202132 0.000010 0.797858
0.073327 0.009631 0.917042
0.000010 0.045401 0.954589
0.000010 0.000010 0.999980
0.001794 0.002317 0.995888
0.257542 0.017680 0.724778
0.000010 0.042980 0.957010
0.000010 0.155610 0.844380
0.128080 0.871910 0.000010
0.094712 0.024872 0.880416
0.295628 0.000010 0.704362
0.150570 0.000010 0.849420
0.164017 0.000995 0.834987
0.005465 0.000010 0.994525
0.192534 0.000010 0.807456
0.037960 0.022573 0.939466
0.000010 0.000010 0.999980
0.005433 0.010800 0.983768
0.593258 0.143838 0.262904
0.000010 0.074471 0.925519
0.000010 0.000010 0.999980
0.000010 0.005174 0.994816
0.088694 0.017484 0.893822
0.754667 0.012168 0.233165
0.144443 0.000010 0.855547
0.227863 0.008046 0.764092
0.228539 0.141167 0.630294
0.026622 0.000208 0.973170
0.299483 0.628838 0.071679
0.062229 0.011734 0.926037
0.576040 0.002320 0.421641
0.000010 0.000010 0.999980
0.196775 0.000010 0.803215
0.000010 0.035601 0.964389
0.000010 0.346353 0.653637
0.622697 0.050675 0.326628
0.280487 0.719503 0.000010
0.133510 0.866480 0.000010
0.000010 0.000010 0.999980
0.025667 0.422876 0.551457
0.000270 0.000010 0.999720
0.000010 0.000010 0.999980
0.536976 0.360904 0.102120
0.003660 0.000010 0.996330
0.003429 0.003999 0.992572
0.078574 0.000107 0.921319
0.913412 0.029223 0.057365
0.000010 0.218892 0.781098
0.741958 0.021740 0.236302
0.066952 0.029281 0.903768
0.105619 0.000010 0.894371
0.011187 0.000201 0.988612
0.015051 0.003858 0.981091
0.000010 0.068371 0.931619
0.000010 0.000010 0.999980
0.148558 0.000010 0.851432
0.109560 0.005885 0.884555
0.000010 0.000010 0.999980
0.058275 0.015577 0.926148
0.097950 0.009487 0.892563
0.000010 0.328953 0.671037
0.095803 0.000010 0.904187
0.001230 0.000010 0.998760
0.166897 0.006399 0.826704
0.573497 0.000010 0.426493
0.086309 0.006336 0.907355
0.044207 0.027911 0.927882
0.207233 0.011869 0.780898
0.014346 0.000010 0.985644
0.139278 0.014625 0.846097
0.000010 0.075390 0.924600
0.058892 0.022622 0.918486
0.179321 0.012827 0.807852
0.013573 0.000010 0.986417
0.000010 0.031499 0.968491
0.603356 0.100731 0.295913
0.913496 0.086494 0.000010
0.000010 0.204136 0.795854
0.018699 0.029146 0.952155
0.054999 0.012679 0.932322
0.000010 0.017549 0.982441
0.797892 0.069166 0.132942
0.642088 0.032448 0.325465
0.065309 0.000010 0.934681
0.058028 0.013609 0.928363
0.017415 0.083535 0.899051
0.000010 0.038056 0.961934
0.055603 0.000010 0.944387
0.067911 0.011336 0.920753
0.118128 0.115683 0.766188
0.138186 0.000010 0.861804
0.000010 0.034221 0.965769
0.054264 0.016341 0.929395
0.874579 0.125411 0.000010
0.006922 0.227635 0.765443
0.012670 0.000558 0.986772
0.000010 0.003610 0.996380
0.113555 0.015537 0.870908
0.625825 0.000010 0.374165
0.094513 0.023840 0.881647
0.000010 0.000010 0.999980
0.214674 0.001126 0.784199
0.193034 0.011168 0.795799
0.009601 0.015266 0.975132
0.016931 0.001622 0.981447
0.147827 0.023527 0.828646
0.013686 0.019069 0.967245
0.000010 0.085659 0.914331
0.272804 0.007248 0.719948
0.291939 0.057852 0.650209
0.041194 0.007808 0.950998
0.000010 0.028833 0.971157
0.000010 0.038053 0.961937
0.114719 0.002178 0.883103
0.000010 0.002486 0.997504
0.616533 0.069916 0.313551
0.577192 0.006639 0.416169
0.579830 0.015886 0.404284
0.011150 0.021550 0.967300
0.551313 0.026053 0.422634
0.442091 0.101799 0.456110
0.154219 0.026173 0.819609
0.000010 0.000010 0.999980
0.275341 0.010060 0.714599
0.064409 0.008513 0.927078
0.000446 0.000010 0.999544
0.071365 0.004852 0.923783
0.079498 0.008905 0.911598
0.075513 0.022790 0.901697
0.071341 0.005994 0.922666
0.218182 0.012687 0.769131
0.031646 0.017794 0.950560
0.486637 0.115262 0.398101
0.000053 0.003811 0.996135
0.375332 0.111267 0.513401
0.503167 0.014432 0.482401
0.049282 0.017507 0.933211
0.018508 0.015546 0.965946
0.018027 0.048767 0.933206
0.118556 0.000010 0.881434
0.615827 0.078277 0.305896
0.000010 0.000010 0.999980
0.265496 0.020451 0.714053
0.000010 0.000010 0.999980
0.000010 0.014175 0.985815
0.105163 0.008280 0.886558
0.308486 0.000114 0.691400
0.112293 0.014234 0.873473
0.029602 0.399808 0.570590
0.000010 0.000010 0.999980
0.018336 0.007393 0.974271
0.056459 0.013794 0.929747
0.000010 0.290624 0.709366
0.019348 0.006622 0.974030
0.689207 0.029429 0.281364
0.260222 0.075705 0.664073
0.363395 0.065006 0.571599
0.213339 0.000010 0.786651
0.298655 0.701335 0.000010
0.190852 0.006106 0.803042
0.031539 0.015085 0.953376
0.105126 0.000010 0.894864
0.068089 0.004666 0.927245
0.513852 0.006271 0.479877
0.232323 0.001461 0.766216
0.076867 0.012396 0.910737
0.000010 0.000898 0.999092
0.131376 0.008295 0.860329
0.058349 0.008027 0.933624
0.043653 0.011074 0.945274
0.000010 0.000010 0.999980
0.064536 0.016445 0.919020
0.302623 0.007985 0.689391
0.096545 0.000010 0.903445
0.000010 0.070022 0.929968
0.212291 0.027670 0.760039
0.012094 0.005582 0.982324
0.020469 0.468710 0.510820
0.044616 0.005868 0.949516
0.084301 0.004457 0.911242
0.005631 0.001131 0.993237
0.760414 0.000010 0.239576
0.000010 0.006308 0.993682
0.000010 0.000010 0.999980
0.530829 0.005366 0.463805
0.010963 0.012187 0.976850
0.045028 0.013711 0.941261
0.593788 0.008248 0.397964
0.000010 0.000010 0.999980
0.103904 0.031915 0.864181
0.021086 0.015144 0.963771
0.000010 0.004477 0.995513
0.349867 0.010034 0.640100
0.000010 0.014637 0.985353
0.024408 0.442371 0.533221
0.021019 0.011019 0.967962
0.851223 0.021258 0.127519
0.004625 0.006434 0.988941
0.000010 0.000010 0.999980
0.062801 0.016131 0.921068
0.518236 0.015183 0.466581
0.652660 0.025904 0.321436
0.536357 0.013756 0.449887
0.096147 0.203427 0.700427
0.827373 0.028644 0.143984
0.010446 0.003852 0.985702
0.043084 0.003075 0.953841
0.035404 0.000010 0.964586
0.005248 0.015667 0.979085
0.199131 0.011887 0.788981
0.319115 0.069671 0.611214
0.000010 0.064015 0.935975
0.005128 0.002720 0.992152
0.049682 0.135549 0.814768
0.267869 0.000010 0.732121
0.063892 0.000010 0.936098
0.297043 0.014821 0.688135
0.331483 0.006814 0.661703
0.093537 0.000010 0.906453
0.062564 0.000010 0.937426
0.000010 0.000010 0.999980
0.282131 0.013957 0.703912
0.039686 0.014425 0.945890
0.156657 0.021108 0.822235
0.184150 0.009056 0.806795
0.005671 0.014962 0.979367
0.031412 0.000010 0.968578
0.015427 0.012802 0.971771
0.019783 0.000954 0.979263
0.109534 0.026769 0.863697
0.195586 0.003615 0.800800
0.000402 0.000771 0.998827
0.000010 0.000010 0.999980
0.094389 0.006358 0.899253
0.000010 0.342808 0.657182
0.048252 0.008519 0.943229
0.117214 0.012994 0.869791
0.087986 0.026220 0.885793
0.028191 0.000010 0.971799
0.057425 0.007500 0.935075
0.883380 0.037456 0.079164
0.168288 0.011482 0.820229
0.000010 0.103916 0.896074
0.000010 0.000010 0.999980
0.084622 0.000010 0.915368
0.507949 0.008257 0.483793
0.000010 0.000010 0.999980
0.019535 0.020774 0.959691
0.000010 0.063975 0.936015
0.048646 0.004036 0.947317
0.159968 0.013206 0.826827
0.000010 0.000996 0.998994
0.000010 0.129138 0.870852
0.000199 0.000010 0.999791
0.129257 0.002490 0.868253
0.065503 0.002732 0.931765
0.002281 0.000010 0.997709
0.517821 0.014352 0.467827
0.016933 0.019857 0.963210
0.083887 0.000010 0.916103
0.000010 0.000010 0.999980
0.046978 0.018755 0.934268
0.000010 0.345766 0.654224
0.167974 0.000010 0.832016
0.052949 0.000010 0.947041
0.017769 0.016747 0.965484
0.111788 0.012850 0.875362
0.144826 0.031866 0.823308
0.175213 0.000010 0.824777
0.046730 0.012239 0.941031
0.067419 0.006314 0.926267
0.025953 0.000285 0.973763
0.111492 0.012836 0.875672
0.000010 0.000010 0.999980
0.588969 0.411021 0.000010
0.228080 0.010445 0.761476
0.194559 0.017090 0.788351
0.002344 0.004321 0.993335
0.266417 0.021159 0.712424
0.715167 0.047890 0.236943
0.931802 0.068188 0.000010
0.035093 0.029815 0.935092
0.158256 0.574946 0.266799
0.000010 0.000010 0.999980
0.044482 0.012965 0.942553
0.000010 0.000010 0.999980
0.249074 0.019077 0.731849
0.252363 0.047638 0.699998
0.038108 0.009266 0.952626
0.091755 0.018950 0.889295
0.043597 0.004390 0.952013
0.000010 0.066377 0.933613
0.201233 0.018515 0.780251
0.036860 0.014957 0.948183
0.017381 0.000927 0.981692
0.219395 0.023136 0.757469
0.049300 0.020366 0.930334
0.000010 0.000010 0.999980
0.215120 0.004918 0.779962
0.052795 0.006199 0.941006
0.000010 0.000010 0.999980
0.127822 0.018046 0.854132
0.000010 0.097277 0.902713
0.030198 0.012667 0.957135
0.000010 0.063191 0.936799
0.001999 0.011631 0.986370
0.000519 0.002402 0.997080
0.104366 0.032227 0.863407
0.201807 0.022413 0.775780
0.170552 0.005246 0.824203
0.000010 0.063053 0.936937
0.139742 0.008374 0.851883
0.008961 0.006698 0.984341
0.064619 0.024094 0.911287
0.000010 0.000010 0.999980
0.048204 0.000010 0.951786
0.024757 0.004366 0.970878
0.054312 0.606055 0.339633
0.027105 0.018679 0.954216
0.104694 0.002201 0.893105
0.217934 0.000010 0.782056
0.023506 0.463988 0.512507
0.052635 0.003615 0.943750
0.000010 0.000010 0.999980
0.399859 0.090022 0.510118
0.001345 0.000010 0.998645
0.021835 0.074246 0.903919
0.183019 0.010326 0.806655
0.019768 0.010314 0.969918
0.100351 0.016828 0.882820
0.027551 0.000260 0.972190
0.217345 0.000010 0.782645
0.104947 0.002413 0.892640
0.000010 0.003531 0.996459
0.770444 0.070117 0.159439
0.172324 0.000010 0.827666
0.016597 0.000010 0.983393
0.849526 0.003515 0.146959
0.017125 0.017394 0.965481
0.509812 0.000010 0.490178
0.000010 0.000010 0.999980
0.000010 0.002207 0.997783
0.000010 0.084619 0.915371
0.008117 0.012010 0.979873
0.018148 0.006640 0.975212
0.402763 0.041900 0.555336
0.049527 0.001305 0.949168
0.494213 0.020727 0.485060
0.015302 0.005915 0.978783
0.145120 0.011649 0.843231
0.017432 0.000010 0.982558
0.114924 0.007759 0.877317
0.061426 0.000010 0.938564
0.000010 0.000010 0.999980
0.247799 0.042134 0.710067
0.557414 0.006199 0.436388
0.606788 0.025120 0.368092
0.215139 0.026057 0.758804
0.233217 0.005960 0.760823
0.002260 0.076976 0.920764
0.203472 0.181846 0.614682
0.489015 0.044229 0.466756
0.102541 0.000010 0.897449
0.000010 0.041951 0.958039
0.373034 0.071028 0.555939
0.000010 0.001903 0.998087
0.578035 0.013073 0.408893
0.000010 0.073747 0.926243
0.452784 0.115098 0.432117
0.000010 0.000010 0.999980
0.163394 0.018392 0.818214
0.260165 0.638616 0.101219
0.153189 0.024170 0.822642
0.005348 0.000010 0.994642
0.164889 0.005770 0.829341
0.000010 0.272689 0.727301
0.113116 0.474610 0.412274
0.000010 0.000010 0.999980
0.000010 0.000010 0.999980
0.511104 0.000122 0.488775
0.000010 0.000010 0.999980
0.115123 0.020846 0.864031
0.066159 0.003567 0.930274
0.003226 0.002759 0.994015
0.062106 0.005713 0.932181
0.538246 0.007335 0.454419
0.297698 0.000010 0.702292
0.000010 0.007369 0.992621
0.000010 0.004820 0.995170
0.314799 0.010479 0.674723
0.294888 0.705102 0.000010
0.040703 0.001416 0.957880
0.070994 0.016562 0.912444
0.069780 0.006459 0.923760
0.266820 0.712111 0.021069
0.098866 0.013645 0.887490
0.692563 0.014510 0.292928
0.470618 0.123826 0.405557
0.000010 0.000010 0.999980
0.177756 0.017556 0.804688
0.477446 0.169067 0.353487
0.220350 0.015067 0.764583
0.121998 0.007344 0.870658
0.059121 0.001815 0.939065
0.001639 0.006642 0.991719
0.264069 0.014240 0.721691
0.085924 0.002976 0.911100
0.278207 0.721783 0.000010
0.000010 0.032034 0.967956
0.002192 0.000010 0.997798
0.146755 0.003661 0.849584
0.039624 0.002303 0.958073
0.005494 0.000010 0.994496
0.011355 0.000010 0.988635
0.181306 0.008385 0.810309
0.098215 0.028889 0.872896
0.770257 0.007839 0.221904
0.000010 0.011480 0.988510
0.609324 0.226759 0.163917
0.512069 0.000010 0.487921
0.513791 0.000010 0.486199
0.510810 0.000010 0.489180
0.000010 0.061879 0.938111
0.000010 0.007567 0.992423
0.061048 0.019374 0.919578
0.024256 0.004307 0.971437
0.000010 0.105886 0.894104
0.012299 0.014465 0.973237
0.129223 0.008262 0.862515
0.029405 0.021805 0.948790
0.139766 0.000010 0.860224
0.000010 0.137894 0.862096
0.002857 0.001903 0.995240
0.000010 0.000010 0.999980
0.024075 0.012298 0.963627
0.000010 0.005096 0.994894
0.000010 0.009559 0.990431
0.047304 0.008541 0.944154
0.223234 0.026676 0.750090
0.006663 0.003343 0.989994
0.000010 0.033766 0.966224
0.000010 0.000010 0.999980
0.005298 0.000010 0.994692
0.769903 0.015852 0.214246
0.689950 0.009000 0.301050
0.000010 0.000010 0.999980
0.025300 0.000010 0.974690
0.207400 0.000010 0.792590
0.002123 0.000010 0.997867
0.115584 0.012089 0.872327
0.223853 0.035943 0.740204
0.107685 0.033404 0.858910
0.003347 0.019576 0.977078
0.055775 0.000531 0.943694
0.041120 0.009656 0.949224
0.016175 0.015758 0.968067
0.236834 0.021893 0.741273
0.000010 0.000010 0.999980
0.743676 0.019941 0.236384
0.083588 0.013024 0.903388
0.022062 0.438218 0.539720
0.000010 0.000010 0.999980
0.109768 0.018664 0.871568
0.514192 0.014732 0.471076
0.648706 0.002663 0.348631
0.167786 0.000010 0.832204
0.103331 0.006791 0.889877
0.000010 0.000010 0.999980
0.071186 0.024385 0.904429
0.429571 0.023735 0.546694
0.111675 0.021136 0.867189
0.038910 0.007340 0.953750
0.000010 0.000010 0.999980
0.165922 0.008874 0.825203
0.492884 0.101565 0.405551
0.152803 0.008576 0.838621
0.660056 0.034376 0.305568
0.137456 0.005108 0.857436
0.016726 0.020833 0.962441
0.487521 0.081775 0.430704
0.004959 0.043875 0.951166
0.051370 0.014790 0.933840
0.000010 0.000010 0.999980
0.001799 0.007920 0.990281
0.057996 0.000010 0.941994
0.005358 0.007546 0.987096
0.000010 0.079793 0.920197
0.253872 0.016932 0.729196
0.452678 0.102587 0.444735
0.076595 0.016362 0.907043
0.052516 0.013224 0.934259
0.043177 0.012592 0.944231
0.084108 0.000010 0.915882
0.237888 0.002693 0.759419
0.111834 0.003587 0.884579
0.581868 0.017027 0.401106
0.000010 0.198390 0.801600
0.000010 0.009553 0.990437
0.244721 0.022100 0.733179
0.147618 0.008306 0.844076
0.005524 0.014132 0.980344
0.083130 0.006841 0.910028
0.292034 0.707956 0.000010
0.003127 0.009647 0.987226
0.025615 0.010131 0.964254
0.909120 0.090870 0.000010
0.000010 0.000010 0.999980
0.232621 0.014579 0.752800
0.000010 0.000010 0.999980
0.054642 0.016804 0.928553
0.000010 0.000010 0.999980
0.048100 0.019435 0.932466
0.032909 0.012284 0.954807
0.090187 0.000010 0.909803
0.019733 0.000418 0.979849
0.000010 0.000010 0.999980
0.106344 0.893646 0.000010
0.013392 0.000010 0.986598
0.072584 0.003879 0.923537
0.022256 0.382312 0.595432
0.413318 0.027591 0.559091
0.138624 0.012637 0.848740
0.101407 0.017770 0.880823
0.505266 0.020522 0.474212
0.002024 0.000513 0.997463
0.406835 0.044034 0.549131
0.020603 0.022646 0.956751
0.000010 0.011237 0.988753
0.000010 0.044635 0.955355
0.010288 0.006826 0.982885
0.058260 0.011192 0.930548
0.418054 0.173260 0.408686
0.002307 0.000010 0.997683
0.007661 0.000010 0.992329
0.000909 0.007460 0.991631
0.114587 0.000010 0.885403
0.581413 0.011722 0.406865
0.000010 0.000010 0.999980
0.178365 0.023039 0.798595
0.000010 0.000010 0.999980
0.045746 0.007687 0.946567
0.280061 0.719929 0.000010
0.006418 0.006029 0.987553
0.296370 0.003015 0.700615
0.034130 0.013353 0.952516
0.277870 0.029305 0.692825
0.282730 0.709959 0.007311
0.000010 0.000010 0.999980
0.171402 0.000010 0.828588
0.000010 0.000010 0.999980
0.178618 0.021721 0.799661
0.000010 0.000010 0.999980
0.086013 0.032913 0.881074
0.016445 0.089353 0.894202
0.091288 0.037650 0.871062
0.683206 0.149491 0.167303
0.000010 0.000010 0.999980
0.068209 0.005134 0.926657
0.024259 0.002715 0.973026
0.111688 0.871503 0.016808
0.190592 0.000010 0.809398
0.085546 0.013424 0.901030
0.031900 0.005488 0.962612
0.005480 0.002067 0.992453
0.004703 0.000010 0.995287
0.000010 0.003203 0.996787
0.000010 0.000010 0.999980
0.320671 0.000010 0.679319
0.772585 0.102146 0.125270
0.009125 0.012371 0.978504
0.080309 0.021992 0.897699
0.000010 0.000010 0.999980
0.228496 0.003223 0.768281
0.017999 0.000010 0.981991
0.281813 0.718177 0.000010
0.040393 0.013982 0.945626
0.259144 0.005046 0.735810
0.027901 0.019262 0.952837
0.108101 0.000010 0.891889
0.059403 0.000010 0.940587
0.000010 0.000010 0.999980
0.002571 0.009868 0.987561
0.034788 0.016419 0.948792
0.511979 0.014973 0.473047
0.000010 0.000010 0.999980
0.211035 0.000010 0.788955
0.077952 0.002179 0.919870
0.074008 0.008817 0.917175
0.003377 0.000010 0.996613
0.040901 0.016140 0.942958
0.635394 0.000010 0.364596
0.002238 0.000010 0.997752
0.019546 0.007740 0.972714
0.000010 0.000010 0.999980
0.174928 0.011886 0.813186
0.050302 0.011890 0.937808
0.000010 0.000010 0.999980
0.079690 0.014095 0.906215
0.003992 0.006106 0.989902
0.023542 0.006738 0.969720
0.201818 0.009499 0.788682
0.064043 0.008070 0.927887
0.108554 0.003610 0.887835
0.000010 0.082017 0.917973
0.000010 0.000010 0.999980
0.740436 0.141992 0.117572
0.000010 0.082625 0.917365
0.022020 0.004034 0.973946
0.000010 0.045375 0.954615
0.093735 0.027739 0.878527
0.280892 0.000010 0.719098
0.029355 0.490925 0.479719
0.077656 0.000010 0.922334
0.328937 0.000010 0.671053
0.881163 0.011995 0.106842
0.168197 0.000010 0.831793
0.000010 0.000010 0.999980
0.082969 0.000010 0.917021
0.045263 0.001390 0.953347
0.180131 0.000010 0.819859
0.666402 0.013464 0.320134
0.147206 0.008712 0.844083
0.105886 0.000010 0.894104
0.028531 0.445152 0.526317
0.000010 0.080063 0.919927
0.091987 0.012741 0.895272
0.421022 0.102389 0.476588
0.008146 0.000010 0.991844
0.795132 0.015372 0.189496
0.056770 0.002701 0.940529
0.000010 0.000010 0.999980
0.000010 0.003075 0.996915
0.071935 0.018836 0.909228
0.169493 0.011572 0.818935
0.000010 0.058170 0.941820
0.227236 0.007562 0.765202
0.000468 0.002424 0.997109
0.011635 0.000010 0.988355
0.000010 0.000010 0.999980
0.671236 0.154766 0.173998
0.123805 0.876185 0.000010
0.301480 0.013822 0.684698
0.720848 0.000010 0.279142
0.004304 0.012463 0.983233
0.000010 0.000010 0.999980
0.257585 0.011805 0.730610
0.114119 0.000010 0.885871
0.000010 0.070387 0.929603
0.014222 0.007174 0.978604
0.503282 0.000010 0.496708
0.001072 0.007645 0.991282
0.255671 0.011218 0.733111
0.177652 0.026155 0.796193
0.507976 0.026669 0.465355
0.000010 0.072884 0.927106
0.002410 0.000010 0.997580
0.010716 0.002127 0.987157
0.211790 0.017486 0.770724
0.036585 0.011730 0.951685
0.004762 0.001722 0.993516
0.060677 0.005205 0.934118
0.000010 0.016467 0.983523
0.003706 0.000010 0.996284
0.023775 0.471447 0.504778
0.516378 0.000010 0.483612
0.003333 0.125003 0.871665
0.000010 0.000010 0.999980
0.039163 0.008918 0.951919
0.000010 0.000010 0.999980
0.207965 0.087062 0.704974
0.041409 0.002789 0.955802
0.014583 0.000010 0.985407
0.505915 0.005762 0.488323
0.119930 0.880060 0.000010
0.005825 0.001272 0.992902
0.022216 0.010075 0.967708
0.632928 0.018420 0.348652
0.037696 0.017321 0.944983
0.000010 0.000010 0.999980
0.123783 0.002407 0.873810
0.000010 0.000010 0.999980
0.026250 0.009276 0.964474
0.029094 0.009620 0.961286
0.144779 0.855211 0.000010
0.086677 0.019726 0.893597
0.020456 0.023107 0.956438
0.083022 0.015265 0.901713
0.427717 0.096474 0.475809
0.021460 0.016675 0.961865
0.563574 0.000010 0.436416
0.114878 0.043854 0.841268
0.083660 0.000010 0.916330
0.221382 0.032793 0.745825
0.019658 0.006183 0.974160
0.000010 0.000542 0.999448
0.587910 0.000010 0.412080
0.037872 0.015156 0.946972
0.235780 0.017515 0.746705
0.093958 0.000010 0.906032
0.000010 0.000010 0.999980
0.090107 0.023957 0.885936
0.074758 0.000010 0.925232
0.000010 0.000010 0.999980
0.000010 0.000010 0.999980
0.006928 0.020523 0.972548
0.048979 0.000010 0.951011
0.000010 0.007975 0.992015
0.325063 0.045602 0.629335
0.022781 0.000010 0.977209
0.102809 0.003354 0.893837
0.016635 0.011204 0.972162
0.223520 0.028114 0.748366
0.051529 0.006838 0.941633
0.195196 0.015238 0.789566
0.025496 0.006031 0.968473
0.000010 0.000010 0.999980
0.041416 0.005062 0.953522
0.000015 0.000010 0.999975
0.001843 0.002393 0.995765
0.212017 0.044029 0.743954
0.240994 0.018948 0.740058
0.088439 0.010878 0.900683
0.148653 0.000010 0.851337
0.009247 0.002086 0.988667
0.819947 0.004702 0.175351
0.009982 0.069963 0.920055
0.213098 0.000010 0.786892
0.000010 0.000010 0.999980
0.009871 0.000010 0.990119
0.515399 0.000010 0.484591
0.047511 0.009700 0.942789
0.000010 0.039017 0.960973
0.116988 0.009576 0.873436
0.231212 0.000010 0.768778
0.171848 0.015293 0.812859
0.073343 0.006667 0.919989
0.066864 0.004054 0.929082
0.525319 0.012491 0.462190
0.383174 0.027942 0.588883
0.020965 0.044784 0.934252
0.000010 0.078696 0.921294
0.034573 0.010797 0.954630
0.845598 0.004495 0.149907
0.056759 0.024423 0.918819
0.043584 0.018429 0.937987
0.003239 0.000010 0.996751
0.251687 0.011831 0.736482
0.002729 0.018035 0.979236
0.196983 0.024117 0.778900
0.000010 0.000010 0.999980
0.266710 0.018331 0.714959
0.005395 0.067199 0.927406
0.529839 0.023349 0.446812
0.246442 0.036255 0.717303
0.211627 0.005090 0.783283
0.011919 0.012860 0.975221
0.000010 0.002062 0.997928
0.000010 0.000010 0.999980
0.000010 0.073266 0.926724
0.000010 0.039240 0.960750
0.456948 0.049531 0.493522
0.079715 0.011390 0.908895
0.089938 0.000010 0.910052
0.036117 0.005149 0.958733
0.067780 0.000010 0.932210
0.002800 0.022872 0.974328
0.818682 0.019544 0.161773
0.002614 0.000010 0.997376
0.000010 0.000010 0.999980
0.018627 0.011776 0.969596
0.025439 0.015322 0.959239
0.192167 0.000010 0.807823
0.000925 0.000010 0.999065
0.030724 0.025286 0.943990
0.073263 0.005592 0.921145
0.368387 0.005729 0.625884
0.303703 0.044873 0.651423
0.021434 0.000010 0.978556
0.533427 0.021739 0.444834
0.307203 0.029445 0.663351
0.231318 0.037018 0.731664
0.002943 0.015541 0.981515
0.045965 0.021956 0.932079
0.191553 0.014234 0.794213
0.099516 0.007904 0.892580
0.000010 0.108915 0.891075
0.004888 0.291869 0.703243
0.089606 0.013076 0.897318
0.604084 0.024919 0.370997
0.047390 0.023262 0.929349
0.596111 0.021711 0.382178
0.286240 0.607890 0.105870
0.433648 0.130778 0.435574
0.095359 0.014319 0.890322
0.748861 0.133183 0.117956
0.377945 0.025916 0.596139
0.559605 0.007494 0.432901
0.009539 0.013030 0.977432
0.000010 0.000010 0.999980
0.000010 0.000010 0.999980
0.000010 0.000010 0.999980
0.220606 0.049451 0.729943
0.699520 0.009153 0.291327
0.005563 0.000010 0.994427
0.033785 0.017118 0.949097
0.509802 0.008736 0.481462
0.001637 0.000010 0.998353
0.000010 0.126131 0.873859
0.017337 0.010472 0.972190
0.198294 0.024227 0.777480
0.239453 0.004790 0.755758
0.576447 0.423543 0.000010
0.041395 0.006768 0.951838
0.000010 0.010035 0.989955
0.000010 0.046533 0.953457
0.150685 0.006062 0.843253
0.061573 0.003675 0.934752
0.040437 0.004735 0.954828
0.022984 0.015387 0.961629
0.008505 0.025023 0.966472
0.009934 0.000010 0.990056
0.182418 0.016203 0.801379
0.175749 0.015664 0.808587
0.000010 0.000010 0.999980
0.521679 0.111258 0.367063
0.023961 0.440886 0.535153
0.031130 0.006261 0.962609
0.625807 0.001204 0.372990
0.162836 0.010103 0.827062
0.821389 0.178601 0.000010
0.108681 0.003807 0.887512
0.001223 0.000010 0.998767
0.000010 0.000010 0.999980
0.002396 0.045111 0.952493
0.000010 0.000010 0.999980
0.019110 0.000010 0.980880
0.151165 0.019439 0.829396
0.000010 0.000010 0.999980
0.502170 0.021524 0.476307
0.123671 0.000010 0.876319
0.543294 0.019445 0.437261
0.231577 0.008119 0.760304
0.130773 0.869217 0.000010
0.514472 0.000010 0.485518
0.148011 0.000010 0.851979
0.595926 0.013448 0.390626
0.000010 0.008758 0.991232
0.505819 0.008510 0.485672
0.092315 0.034501 0.873184
0.310060 0.049754 0.640186
0.531302 0.004081 0.464617
0.006122 0.000010 0.993868
0.326211 0.164255 0.509534
0.199124 0.088092 0.712784
0.000010 0.000010 0.999980
0.000010 0.000010 0.999980
0.108148 0.006221 0.885631
0.000010 0.087784 0.912206
0.114202 0.885788 0.000010
0.000010 0.000010 0.999980
0.000010 0.000010 0.999980
0.028040 0.029023 0.942937
0.119743 0.015896 0.864361
0.133866 0.000010 0.866124
0.134909 0.000010 0.865081
0.040888 0.461927 0.497185
0.018764 0.007170 0.974066
0.154603 0.004206 0.841190
0.066286 0.006128 0.927586
0.054234 0.003268 0.942498
0.000010 0.000648 0.999342
0.000010 0.000010 0.999980
0.307757 0.077484 0.614758
0.003628 0.006385 0.989988
0.000242 0.006408 0.993351
0.001450 0.003486 0.995063
0.000010 0.000010 0.999980
0.420979 0.051627 0.527393
0.156178 0.017204 0.826618
0.000010 0.000010 0.999980
0.046731 0.552360 0.400909
0.514215 0.141530 0.344255
0.405581 0.011378 0.583041
0.053018 0.018796 0.928186
0.848988 0.043961 0.107051
0.000010 0.000010 0.999980
0.121446 0.159728 0.718826
0.063561 0.000010 0.936429
0.017223 0.002405 0.980372
0.134365 0.000010 0.865625
0.149643 0.000010 0.850347
0.095637 0.000010 0.904353
0.097822 0.011941 0.890237
0.190241 0.008729 0.801030
0.181505 0.024041 0.794454
0.194324 0.004277 0.801399
0.136563 0.013956 0.849481
0.001603 0.005981 0.992416
0.000010 0.000010 0.999980
0.080439 0.008383 0.911178
0.064516 0.006784 0.928699
0.509566 0.000010 0.490424
0.264443 0.023701 0.711856
0.018118 0.000699 0.981183
0.316469 0.015778 0.667752
0.030795 0.030093 0.939112
0.277050 0.026325 0.696625
0.575283 0.000010 0.424707
0.007768 0.002661 0.989571
0.000010 0.025094 0.974896
0.063552 0.020142 0.916306
0.041110 0.011279 0.947611
0.409615 0.094028 0.496358
0.761439 0.002870 0.235691
0.292715 0.699558 0.007727
0.125967 0.874023 0.000010
0.060746 0.001590 0.937665
0.277224 0.721792 0.000984
0.004750 0.000010 0.995240
0.004132 0.023931 0.971937
0.083908 0.012115 0.903977
0.374869 0.000010 0.625121
0.067335 0.002672 0.929993
0.024489 0.014371 0.961140
0.000010 0.000010 0.999980
0.000010 0.000010 0.999980
0.010993 0.000010 0.988997
0.000010 0.145023 0.854967
0.065852 0.015869 0.918279
0.000599 0.000010 0.999391
0.095589 0.003625 0.900786
0.000010 0.000010 0.999980
0.000010 0.000010 0.999980
0.000010 0.006739 0.993251
0.523893 0.011927 0.464180
0.064131 0.009282 0.926587
0.001732 0.003493 0.994775
0.038934 0.000010 0.961056
0.069642 0.007015 0.923343
0.370542 0.018840 0.610618
0.000010 0.000010 0.999980
0.013916 0.022886 0.963198
0.007575 0.000010 0.992415
0.000010 0.000010 0.999980
0.000010 0.000010 0.999980
0.073094 0.019702 0.907204
0.805726 0.028022 0.166252
0.027174 0.006447 0.966379
0.000010 0.000010 0.999980
0.000010 0.000010 0.999980
0.101240 0.028182 0.870578
0.001502 0.003485 0.995013
0.000010 0.040671 0.959319
0.027482 0.023243 0.949275
0.094789 0.003331 0.901880
0.281301 0.718689 0.000010
0.565117 0.168945 0.265938
0.000010 0.000010 0.999980
0.004124 0.001218 0.994658
0.091195 0.013109 0.895696
0.101004 0.007490 0.891506
0.112405 0.021224 0.866371
0.000010 0.000010 0.999980
0.070058 0.010941 0.919001
0.256693 0.016036 0.727271
0.004851 0.011797 0.983352
0.000010 0.000010 0.999980
0.024142 0.016370 0.959488
0.232477 0.019626 0.747898
0.000010 0.000010 0.999980
0.198332 0.029087 0.772582
0.616748 0.002553 0.380699
0.363923 0.024087 0.611991
0.135567 0.000010 0.864423
0.000010 0.000010 0.999980
0.006955 0.000010 0.993035
0.000010 0.000010 0.999980
0.148637 0.008473 0.842890
0.062935 0.003333 0.933732
0.097511 0.014082 0.888407
0.328621 0.014210 0.657169
0.022069 0.007956 0.969975
0.000010 0.000010 0.999980
0.085473 0.000010 0.914517
0.000010 0.000010 0.999980
0.043291 0.028518 0.928192
0.614926 0.032039 0.353035
0.000010 0.000010 0.999980
0.246392 0.008824 0.744784
0.154802 0.011569 0.833629
0.014933 0.007887 0.977180
0.001539 0.000010 0.998451
0.913528 0.086462 0.000010
0.096113 0.017844 0.886043
0.061689 0.000010 0.938301
0.088483 0.000010 0.911507
0.000010 0.393895 0.606095
0.220053 0.003527 0.776420
0.038082 0.013766 0.948153
0.026822 0.001167 0.972011
0.076513 0.000010 0.923477
0.038951 0.012633 0.948416
0.000010 0.000010 0.999980
0.135941 0.014731 0.849328
0.000933 0.000010 0.999057
0.529018 0.079691 0.391291
0.096033 0.041018 0.862950
0.003487 0.000010 0.996503
0.038812 0.000284 0.960904
0.524769 0.011929 0.463301
0.000250 0.000010 0.999740
0.025563 0.002994 0.971443
0.395771 0.000010 0.604219
0.000010 0.041059 0.958931
0.195804 0.002865 0.801331
0.056062 0.018321 0.925617
0.000010 0.044115 0.955875
0.008291 0.003959 0.987750
0.157838 0.000010 0.842152
0.049777 0.000010 0.950213
0.476308 0.080339 0.443353
0.000010 0.001777 0.998213
0.001865 0.000010 0.998125
0.079138 0.010046 0.910816
0.205806 0.008214 0.785980
0.048603 0.017094 0.934303
0.000010 0.085179 0.914811
0.028354 0.440637 0.531009
0.449833 0.008437 0.541731
0.110650 0.005696 0.883653
0.000010 0.004161 0.995829
0.218975 0.038193 0.742832
0.239277 0.053558 0.707165
0.055817 0.000010 0.944173
0.000010 0.034868 0.965122
